1568,1568,4.0
1569,1569,17.0
1569,1587,5.830951894845301
1570,1570,7.0
1571,1571,6.0
1572,1572,4.0
1572,1598,4.0
1573,1573,9.0
1574,1574,3.0
1575,1575,4.0
1576,1576,5.0
1576,1595,8.06225774829855
1577,1577,5.0
1577,1580,4.47213595499958
1578,1578,7.0
1579,1579,2.0
1580,1577,4.47213595499958
1580,1580,4.0
1581,1581,6.0
1582,1582,8.0
1583,1583,4.0
1584,1584,6.0
1585,1585,4.0
1586,1586,2.0
1587,1569,5.830951894845301
1587,1587,2.0
1588,1588,4.0
1589,1589,2.0
1590,1590,4.0
1591,1591,7.0
1592,1592,7.0
1593,1593,6.0
1594,1594,3.0
1595,1576,8.06225774829855
1595,1595,13.0
1596,1596,4.0
1597,1597,5.0
1598,1572,4.0
1598,1598,4.0
1599,1599,3.0
