2144,2144,3.0
2145,2145,2.0
2146,2146,6.0
2147,2147,4.0
2148,2148,2.0
2149,2149,5.0
2150,2150,7.0
2151,2151,5.0
2152,2152,3.0
2153,2153,15.0
2154,2154,2.0
2155,2155,3.0
2156,2156,3.0
2157,2157,4.0
2158,2158,3.0
2159,2159,4.0
2160,2160,3.0
2161,2161,3.0
2161,2167,3.872983346207417
2162,2162,4.0
2163,2163,2.0
2164,2164,6.0
2165,2165,7.0
2166,2166,8.0
2166,2167,6.324555320336759
2167,2161,3.872983346207417
2167,2166,6.324555320336759
2167,2167,5.0
2168,2168,3.0
2169,2169,3.0
2170,2170,3.0
2171,2171,5.0
2172,2172,4.0
2173,2173,5.0
2174,2174,5.0
2175,2175,16.0
