992,992,2.0
993,993,2.0
994,994,2.0
995,995,13.0
996,996,3.0
996,1015,3.4641016151377544
997,997,2.0
998,998,5.0
999,999,6.0
1000,1000,4.0
1001,1001,2.0
1002,1002,3.0
1003,1003,13.0
1003,1004,11.958260743101398
1004,1003,11.958260743101398
1004,1004,11.0
1005,1005,2.0
1006,1006,9.0
1007,1007,6.0
1008,1008,4.0
1008,1011,4.0
1009,1009,4.0
1010,1010,8.0
1010,1011,5.656854249492381
1011,1008,4.0
1011,1010,5.656854249492381
1011,1011,4.0
1012,1012,4.0
1013,1013,2.0
1014,1014,5.0
1015,996,3.4641016151377544
1015,1015,4.0
1016,1016,12.0
1017,1017,4.0
1018,1018,4.0
1019,1019,8.0
1020,1020,7.0
1021,1021,2.0
1022,1022,2.0
1023,1023,3.0
