1312,1312,8.0
1313,1313,5.0
1314,1314,2.0
1315,1315,6.0
1316,1316,4.0
1317,1317,2.0
1318,1318,5.0
1319,1319,2.0
1320,1320,4.0
1321,1321,7.0
1322,1322,6.0
1323,1323,6.0
1324,1324,5.0
1325,1325,5.0
1326,1326,11.0
1327,1327,4.0
1328,1328,19.0
1329,1329,6.0
1330,1330,3.0
1331,1331,2.0
1332,1332,2.0
1333,1333,12.0
1334,1334,5.0
1335,1335,13.0
1335,1337,8.831760866327848
1335,1339,10.198039027185569
1336,1336,3.0
1337,1335,8.831760866327848
1337,1337,6.0
1338,1338,6.0
1339,1335,10.198039027185569
1339,1339,8.0
1340,1340,4.0
1341,1341,3.0
1342,1342,5.0
1343,1343,7.0
