1856,1856,2.0
1857,1857,6.0
1858,1858,3.0
1859,1859,7.0
1860,1860,7.0
1861,1861,2.0
1862,1862,6.0
1862,1863,5.477225575051661
1863,1862,5.477225575051661
1863,1863,5.0
1864,1864,5.0
1865,1865,2.0
1866,1866,2.0
1867,1867,3.0
1868,1868,2.0
1869,1869,3.0
1870,1870,3.0
1871,1871,3.0
1872,1872,5.0
1873,1873,2.0
1874,1874,2.0
1875,1875,5.0
1876,1876,2.0
1877,1877,6.0
1878,1878,3.0
1879,1879,4.0
1880,1880,2.0
1881,1881,4.0
1882,1882,2.0
1883,1883,2.0
1884,1884,5.0
1884,1885,5.0
1884,1886,5.0
1885,1884,5.0
1885,1885,5.0
1885,1886,5.0
1886,1884,5.0
1886,1885,5.0
1886,1886,5.0
1887,1887,3.0
