800,800,3.0
801,801,4.0
802,802,3.0
803,803,5.0
804,804,5.0
805,805,3.0
806,806,4.0
807,807,4.0
808,808,7.0
809,809,15.0
809,812,10.246950765959598
809,814,10.954451150103322
810,810,3.0
811,811,4.0
812,809,10.246950765959598
812,812,7.0
812,814,7.483314773547883
813,813,3.0
814,809,10.954451150103322
814,812,7.483314773547883
814,814,8.0
815,815,3.0
816,816,3.0
817,817,6.0
817,818,6.48074069840786
817,819,6.0
818,817,6.48074069840786
818,818,7.0
818,819,6.48074069840786
819,817,6.0
819,818,6.48074069840786
819,819,6.0
820,820,5.0
820,829,4.47213595499958
821,821,4.0
822,822,3.0
823,823,5.0
824,824,4.0
825,825,3.0
826,826,6.0
827,827,5.0
828,828,3.0
829,820,4.47213595499958
829,829,4.0
830,830,2.0
831,831,4.0
