1216,1216,5.0
1217,1217,2.0
1218,1218,12.0
1219,1219,3.0
1220,1220,5.0
1221,1221,4.0
1222,1222,4.0
1223,1223,5.0
1224,1224,5.0
1225,1225,4.0
1226,1226,3.0
1226,1234,5.477225575051661
1227,1227,2.0
1227,1236,3.4641016151377544
1228,1228,5.0
1229,1229,3.0
1230,1230,6.0
1230,1231,7.745966692414834
1231,1230,7.745966692414834
1231,1231,10.0
1231,1232,7.745966692414834
1232,1231,7.745966692414834
1232,1232,6.0
1233,1233,3.0
1234,1226,5.477225575051661
1234,1234,10.0
1235,1235,3.0
1236,1227,3.4641016151377544
1236,1236,6.0
1237,1237,6.0
1238,1238,6.0
1239,1239,2.0
1240,1240,18.0
1240,1241,14.071247279470288
1241,1240,14.071247279470288
1241,1241,11.0
1242,1242,2.0
1243,1243,4.0
1243,1245,4.898979485566356
1244,1244,6.0
1245,1243,4.898979485566356
1245,1245,6.0
1246,1246,3.0
1247,1247,2.0
