1344,1344,6.0
1344,1345,5.477225575051661
1345,1344,5.477225575051661
1345,1345,5.0
1346,1346,4.0
1347,1347,5.0
1348,1348,5.0
1349,1349,2.0
1350,1350,2.0
1351,1351,3.0
1352,1352,4.0
1353,1353,5.0
1354,1354,24.0
1355,1355,5.0
1356,1356,3.0
1357,1357,3.0
1358,1358,5.0
1359,1359,2.0
1360,1360,2.0
1361,1361,2.0
1362,1362,5.0
1363,1363,9.0
1363,1364,7.937253933193772
1364,1363,7.937253933193772
1364,1364,7.0
1365,1365,5.0
1366,1366,9.0
1366,1373,6.0
1367,1367,2.0
1368,1368,3.0
1369,1369,2.0
1370,1370,4.0
1371,1371,2.0
1372,1372,4.0
1373,1366,6.0
1373,1373,4.0
1374,1374,3.0
1375,1375,4.0
