1440,1440,4.0
1441,1441,4.0
1442,1442,7.0
1442,1444,4.58257569495584
1442,1445,5.916079783099616
1443,1443,2.0
1444,1442,4.58257569495584
1444,1444,3.0
1445,1442,5.916079783099616
1445,1445,5.0
1446,1446,3.0
1447,1447,4.0
1448,1448,2.0
1449,1449,3.0
1450,1450,4.0
1451,1451,5.0
1452,1452,5.0
1453,1453,4.0
1454,1454,3.0
1455,1455,6.0
1456,1456,5.0
1456,1469,5.916079783099616
1457,1457,7.0
1457,1462,4.58257569495584
1458,1458,3.0
1459,1459,18.0
1460,1460,4.0
1461,1461,6.0
1462,1457,4.58257569495584
1462,1462,3.0
1463,1463,9.0
1464,1464,6.0
1464,1470,4.898979485566356
1465,1465,2.0
1466,1466,5.0
1467,1467,4.0
1468,1468,4.0
1469,1456,5.916079783099616
1469,1469,7.0
1470,1464,4.898979485566356
1470,1470,4.0
1471,1471,7.0
