2432,2432,2.0
2433,2433,2.0
2433,2437,2.8284271247461903
2434,2434,6.0
2435,2435,3.0
2436,2436,2.0
2437,2433,2.8284271247461903
2437,2437,4.0
2438,2438,3.0
2439,2439,3.0
2440,2440,2.0
2441,2441,4.0
2442,2442,6.0
2443,2443,4.0
2444,2444,3.0
2445,2445,3.0
2446,2446,4.0
2446,2451,4.47213595499958
2447,2447,3.0
2448,2448,5.0
2449,2449,4.0
2449,2450,4.0
2450,2449,4.0
2450,2450,4.0
2451,2446,4.47213595499958
2451,2451,5.0
2452,2452,3.0
2453,2453,3.0
2454,2454,5.0
2455,2455,4.0
2456,2456,5.0
2457,2457,3.0
2458,2458,4.0
2459,2459,3.0
2460,2460,2.0
2461,2461,4.0
2462,2462,3.0
2463,2463,3.0
