1024,1024,5.0
1024,1053,6.708203932499369
1025,1025,10.0
1026,1026,3.0
1027,1027,8.0
1028,1028,6.0
1028,1037,6.0
1028,1042,6.0
1029,1029,3.0
1030,1030,5.0
1031,1031,3.0
1032,1032,6.0
1033,1033,2.0
1034,1034,3.0
1035,1035,4.0
1036,1036,4.0
1037,1028,6.0
1037,1037,6.0
1037,1042,6.0
1038,1038,4.0
1039,1039,2.0
1040,1040,2.0
1041,1041,2.0
1042,1028,6.0
1042,1037,6.0
1042,1042,6.0
1042,1043,4.242640687119285
1043,1042,4.242640687119285
1043,1043,3.0
1044,1044,6.0
1045,1045,3.0
1046,1046,6.0
1047,1047,8.0
1048,1048,2.0
1049,1049,4.0
1050,1050,7.0
1051,1051,3.0
1051,1052,3.872983346207417
1052,1051,3.872983346207417
1052,1052,5.0
1053,1024,6.708203932499369
1053,1053,9.0
1054,1054,2.0
1055,1055,4.0
