2496,2496,4.0
2497,2497,2.0
2498,2498,7.0
2498,2499,11.224972160321824
2498,2500,7.0
2499,2498,11.224972160321824
2499,2499,18.0
2499,2500,11.224972160321824
2499,2505,8.48528137423857
2500,2498,7.0
2500,2499,11.224972160321824
2500,2500,7.0
2501,2501,3.0
2502,2502,3.0
2503,2503,2.0
2504,2504,4.0
2505,2499,8.48528137423857
2505,2505,4.0
2506,2506,7.0
2507,2507,5.0
2508,2508,6.0
2509,2509,4.0
2510,2510,8.0
2511,2511,6.0
2512,2512,2.0
2513,2513,6.0
2514,2514,6.0
2515,2515,3.0
2516,2516,2.0
2517,2517,2.0
2518,2518,3.0
2519,2519,2.0
2520,2520,3.0
2521,2521,5.0
2522,2522,2.0
2523,2523,2.0
2524,2524,6.0
2525,2525,3.0
2526,2526,2.0
2527,2527,5.0
