1408,1408,4.0
1409,1409,8.0
1410,1410,3.0
1411,1411,4.0
1412,1412,4.0
1412,1431,4.47213595499958
1413,1413,3.0
1414,1414,7.0
1415,1415,4.0
1416,1416,3.0
1417,1417,2.0
1417,1421,2.449489742783178
1418,1418,4.0
1419,1419,3.0
1420,1420,4.0
1421,1417,2.449489742783178
1421,1421,3.0
1422,1422,8.0
1423,1423,3.0
1424,1424,4.0
1425,1425,4.0
1426,1426,2.0
1427,1427,3.0
1428,1428,11.0
1429,1429,4.0
1430,1430,4.0
1431,1412,4.47213595499958
1431,1431,5.0
1432,1432,5.0
1433,1433,4.0
1434,1434,2.0
1435,1435,4.0
1436,1436,2.0
1437,1437,6.0
1438,1438,4.0
1439,1439,3.0
