448,448,3.0
449,449,5.0
449,479,7.745966692414834
450,450,4.0
451,451,4.0
452,452,4.0
453,453,24.0
454,454,5.0
455,455,3.0
456,456,11.0
457,457,3.0
458,458,3.0
459,459,6.0
460,460,3.0
461,461,2.0
462,462,4.0
463,463,6.0
463,477,8.831760866327848
464,464,5.0
464,467,6.708203932499369
465,465,12.0
465,466,9.16515138991168
466,465,9.16515138991168
466,466,7.0
467,464,6.708203932499369
467,467,9.0
468,468,6.0
469,469,4.0
470,470,2.0
470,478,6.0
471,471,8.0
472,472,5.0
473,473,3.0
474,474,3.0
475,475,2.0
476,476,4.0
477,463,8.831760866327848
477,477,13.0
478,470,6.0
478,478,18.0
478,479,14.696938456699069
479,449,7.745966692414834
479,478,14.696938456699069
479,479,12.0
