2592,2592,3.0
2593,2593,4.0
2594,2594,3.0
2595,2595,4.0
2596,2596,4.0
2597,2597,3.0
2598,2598,7.0
2599,2599,2.0
2600,2600,5.0
2601,2601,2.0
2602,2602,2.0
2603,2603,2.0
2604,2604,5.0
2605,2605,5.0
2606,2606,6.0
2606,2611,4.242640687119285
2607,2607,5.0
2608,2608,3.0
2609,2609,4.0
2610,2610,2.0
2611,2606,4.242640687119285
2611,2611,3.0
2612,2612,5.0
2613,2613,2.0
2614,2614,5.0
2614,2616,5.0
2615,2615,4.0
2616,2614,5.0
2616,2616,5.0
2617,2617,6.0
2618,2618,4.0
2619,2619,4.0
2620,2620,2.0
2621,2621,2.0
2622,2622,2.0
2623,2623,2.0
