2240,2240,2.0
2241,2241,2.0
2242,2242,4.0
2243,2243,4.0
2243,2244,2.8284271247461903
2243,2245,4.0
2244,2243,2.8284271247461903
2244,2244,2.0
2245,2243,4.0
2245,2245,4.0
2246,2246,3.0
2247,2247,3.0
2247,2263,3.0
2248,2248,4.0
2249,2249,3.0
2249,2271,4.242640687119285
2250,2250,5.0
2250,2271,5.477225575051661
2251,2251,4.0
2252,2252,4.0
2252,2271,4.898979485566356
2253,2253,3.0
2254,2254,3.0
2255,2255,3.0
2256,2256,2.0
2257,2257,6.0
2258,2258,3.0
2259,2259,7.0
2259,2261,5.916079783099616
2259,2271,6.48074069840786
2260,2260,3.0
2261,2259,5.916079783099616
2261,2261,5.0
2262,2262,4.0
2263,2247,3.0
2263,2263,3.0
2264,2264,2.0
2265,2265,3.0
2266,2266,4.0
2267,2267,2.0
2268,2268,4.0
2269,2269,2.0
2270,2270,4.0
2271,2249,4.242640687119285
2271,2250,5.477225575051661
2271,2252,4.898979485566356
2271,2259,6.48074069840786
2271,2271,6.0
