2624,2624,8.0
2625,2625,2.0
2626,2626,4.0
2627,2627,2.0
2628,2628,4.0
2628,2629,4.47213595499958
2629,2628,4.47213595499958
2629,2629,5.0
2630,2630,2.0
2631,2631,2.0
2632,2632,2.0
2633,2633,3.0
2634,2634,3.0
2635,2635,3.0
2636,2636,3.0
2637,2637,2.0
2637,2652,2.8284271247461903
2638,2638,3.0
2639,2639,2.0
2640,2640,2.0
2641,2641,3.0
2642,2642,4.0
2643,2643,3.0
2643,2646,3.0
2644,2644,2.0
2645,2645,3.0
2646,2643,3.0
2646,2646,3.0
2647,2647,3.0
2648,2648,2.0
2649,2649,6.0
2650,2650,3.0
2651,2651,3.0
2652,2637,2.8284271247461903
2652,2652,4.0
2653,2653,5.0
2654,2654,3.0
2655,2655,2.0
