1792,1792,5.0
1793,1793,6.0
1793,1795,7.3484692283495345
1794,1794,4.0
1794,1795,6.0
1795,1793,7.3484692283495345
1795,1794,6.0
1795,1795,9.0
1796,1796,5.0
1797,1797,4.0
1798,1798,2.0
1799,1799,5.0
1800,1800,7.0
1801,1801,5.0
1801,1814,5.477225575051661
1801,1821,3.872983346207417
1802,1802,3.0
1803,1803,4.0
1804,1804,3.0
1804,1805,3.0
1805,1804,3.0
1805,1805,3.0
1806,1806,3.0
1807,1807,3.0
1808,1808,3.0
1809,1809,3.0
1810,1810,2.0
1811,1811,4.0
1812,1812,8.0
1813,1813,4.0
1813,1818,4.0
1814,1801,5.477225575051661
1814,1814,6.0
1815,1815,6.0
1816,1816,6.0
1817,1817,2.0
1818,1813,4.0
1818,1818,4.0
1819,1819,4.0
1820,1820,3.0
1821,1801,3.872983346207417
1821,1821,3.0
1822,1822,3.0
1823,1823,3.0
