1376,1376,6.0
1377,1377,4.0
1378,1378,13.0
1379,1379,3.0
1380,1380,6.0
1381,1381,4.0
1382,1382,3.0
1383,1383,4.0
1383,1384,2.8284271247461903
1383,1398,2.8284271247461903
1384,1383,2.8284271247461903
1384,1384,2.0
1385,1385,3.0
1386,1386,4.0
1387,1387,2.0
1388,1388,5.0
1389,1389,5.0
1390,1390,2.0
1391,1391,2.0
1392,1392,2.0
1393,1393,9.0
1393,1397,6.0
1394,1394,2.0
1395,1395,2.0
1396,1396,2.0
1397,1393,6.0
1397,1397,4.0
1398,1383,2.8284271247461903
1398,1398,2.0
1399,1399,3.0
1400,1400,3.0
1401,1401,6.0
1402,1402,2.0
1403,1403,2.0
1404,1404,5.0
1405,1405,3.0
1406,1406,2.0
1407,1407,6.0
