1248,1248,4.0
1249,1249,8.0
1250,1250,3.0
1250,1251,3.0
1251,1250,3.0
1251,1251,3.0
1252,1252,10.0
1253,1253,7.0
1254,1254,4.0
1255,1255,5.0
1256,1256,5.0
1257,1257,9.0
1258,1258,4.0
1259,1259,10.0
1260,1260,7.0
1260,1269,7.483314773547883
1261,1261,5.0
1262,1262,2.0
1263,1263,3.0
1264,1264,3.0
1265,1265,4.0
1266,1266,5.0
1267,1267,5.0
1268,1268,11.0
1269,1260,7.483314773547883
1269,1269,8.0
1270,1270,7.0
1271,1271,3.0
1272,1272,6.0
1273,1273,6.0
1274,1274,6.0
1275,1275,9.0
1276,1276,5.0
1277,1277,7.0
1278,1278,5.0
1279,1279,2.0
