1504,1504,9.0
1504,1506,8.48528137423857
1504,1507,7.3484692283495345
1504,1525,7.3484692283495345
1505,1505,5.0
1506,1504,8.48528137423857
1506,1506,8.0
1506,1507,6.928203230275509
1506,1525,6.928203230275509
1507,1504,7.3484692283495345
1507,1506,6.928203230275509
1507,1507,6.0
1508,1508,3.0
1509,1509,4.0
1510,1510,4.0
1511,1511,2.0
1512,1512,11.0
1513,1513,6.0
1514,1514,3.0
1515,1515,8.0
1516,1516,4.0
1517,1517,2.0
1518,1518,2.0
1519,1519,3.0
1520,1520,19.0
1520,1524,12.328828005937952
1520,1526,9.746794344808963
1521,1521,5.0
1522,1522,3.0
1523,1523,7.0
1524,1520,12.328828005937952
1524,1524,8.0
1524,1526,6.324555320336759
1525,1504,7.3484692283495345
1525,1506,6.928203230275509
1525,1525,6.0
1526,1520,9.746794344808963
1526,1524,6.324555320336759
1526,1526,5.0
1527,1527,20.0
1528,1528,4.0
1529,1529,4.0
1530,1530,6.0
1531,1531,5.0
1532,1532,8.0
1533,1533,7.0
1534,1534,9.0
1535,1535,5.0
