1888,1888,4.0
1889,1889,5.0
1890,1890,4.0
1891,1891,8.0
1892,1892,2.0
1893,1893,4.0
1893,1895,4.0
1893,1908,5.656854249492381
1894,1894,6.0
1895,1893,4.0
1895,1895,4.0
1896,1896,4.0
1897,1897,7.0
1898,1898,5.0
1899,1899,3.0
1900,1900,2.0
1901,1901,3.0
1902,1902,5.0
1903,1903,2.0
1904,1904,3.0
1905,1905,4.0
1906,1906,2.0
1907,1907,4.0
1908,1893,5.656854249492381
1908,1908,8.0
1909,1909,5.0
1910,1910,13.0
1911,1911,7.0
1912,1912,3.0
1913,1913,3.0
1914,1914,3.0
1915,1915,3.0
1916,1916,2.0
1917,1917,3.0
1918,1918,3.0
1919,1919,5.0
