160,160,7.0
161,161,8.0
162,162,3.0
162,173,5.196152422706632
163,163,169.0
163,174,29.068883707497267
163,188,53.600373133029585
163,189,34.39476704383968
163,191,31.843366656181317
164,164,3.0
165,165,2.0
166,166,4.0
167,167,5.0
168,168,5.0
169,169,3.0
170,170,3.0
171,171,3.0
172,172,4.0
173,162,5.196152422706632
173,173,9.0
174,163,29.068883707497267
174,174,5.0
175,175,2.0
176,176,3.0
177,177,9.0
178,178,3.0
179,179,4.0
180,180,3.0
181,181,6.0
182,182,3.0
183,183,5.0
184,184,5.0
185,185,4.0
186,186,5.0
187,187,2.0
188,163,53.600373133029585
188,188,17.0
188,189,10.908712114635714
189,163,34.39476704383968
189,188,10.908712114635714
189,189,7.0
190,190,4.0
191,163,31.843366656181317
191,191,6.0
