1984,1984,3.0
1985,1985,4.0
1986,1986,6.0
1987,1987,2.0
1988,1988,2.0
1989,1989,2.0
1990,1990,5.0
1991,1991,4.0
1992,1992,3.0
1993,1993,6.0
1994,1994,5.0
1994,1995,5.0
1995,1994,5.0
1995,1995,5.0
1996,1996,2.0
1996,1997,2.0
1997,1996,2.0
1997,1997,2.0
1998,1998,2.0
1999,1999,4.0
1999,2003,3.4641016151377544
2000,2000,3.0
2001,2001,3.0
2002,2002,4.0
2003,1999,3.4641016151377544
2003,2003,3.0
2004,2004,4.0
2005,2005,2.0
2006,2006,2.0
2007,2007,4.0
2008,2008,4.0
2009,2009,2.0
2010,2010,2.0
2011,2011,4.0
2012,2012,4.0
2013,2013,3.0
2014,2014,4.0
2015,2015,4.0
