2176,2176,3.0
2177,2177,3.0
2178,2178,9.0
2178,2181,7.3484692283495345
2179,2179,4.0
2179,2183,4.47213595499958
2180,2180,3.0
2181,2178,7.3484692283495345
2181,2181,6.0
2182,2182,9.0
2183,2179,4.47213595499958
2183,2183,5.0
2184,2184,2.0
2185,2185,2.0
2186,2186,2.0
2187,2187,4.0
2188,2188,5.0
2188,2189,5.0
2188,2190,5.916079783099616
2188,2194,5.477225575051661
2189,2188,5.0
2189,2189,5.0
2189,2190,5.916079783099616
2189,2194,5.477225575051661
2190,2188,5.916079783099616
2190,2189,5.916079783099616
2190,2190,7.0
2190,2194,6.48074069840786
2191,2191,3.0
2192,2192,3.0
2193,2193,4.0
2194,2188,5.477225575051661
2194,2189,5.477225575051661
2194,2190,6.48074069840786
2194,2194,6.0
2195,2195,4.0
2196,2196,5.0
2197,2197,3.0
2198,2198,4.0
2199,2199,4.0
2200,2200,5.0
2201,2201,2.0
2202,2202,6.0
2203,2203,5.0
2204,2204,5.0
2205,2205,2.0
2206,2206,8.0
2207,2207,3.0
