1184,1184,9.0
1185,1185,3.0
1186,1186,5.0
1187,1187,3.0
1188,1188,3.0
1189,1189,4.0
1190,1190,4.0
1191,1191,6.0
1192,1192,5.0
1193,1193,2.0
1194,1194,4.0
1195,1195,4.0
1195,1203,6.0
1196,1196,3.0
1197,1197,5.0
1198,1198,7.0
1199,1199,3.0
1200,1200,4.0
1201,1201,3.0
1202,1202,2.0
1203,1195,6.0
1203,1203,9.0
1204,1204,6.0
1205,1205,5.0
1206,1206,4.0
1207,1207,6.0
1208,1208,3.0
1209,1209,3.0
1209,1215,5.196152422706632
1210,1210,4.0
1211,1211,4.0
1212,1212,8.0
1213,1213,4.0
1214,1214,4.0
1215,1209,5.196152422706632
1215,1215,9.0
