1728,1728,9.0
1729,1729,4.0
1730,1730,3.0
1731,1731,2.0
1732,1732,7.0
1733,1733,3.0
1734,1734,6.0
1735,1735,4.0
1736,1736,4.0
1736,1737,4.47213595499958
1737,1736,4.47213595499958
1737,1737,5.0
1738,1738,5.0
1739,1739,3.0
1740,1740,3.0
1741,1741,6.0
1742,1742,2.0
1743,1743,2.0
1744,1744,2.0
1745,1745,3.0
1746,1746,2.0
1747,1747,8.0
1748,1748,3.0
1749,1749,2.0
1750,1750,2.0
1751,1751,2.0
1752,1752,2.0
1753,1753,2.0
1754,1754,3.0
1755,1755,3.0
1756,1756,6.0
1757,1757,5.0
1758,1758,2.0
1759,1759,4.0
