2400,2400,5.0
2401,2401,2.0
2402,2402,3.0
2403,2403,3.0
2404,2404,3.0
2405,2405,5.0
2406,2406,2.0
2407,2407,3.0
2408,2408,4.0
2409,2409,9.0
2410,2410,4.0
2411,2411,2.0
2412,2412,4.0
2413,2413,6.0
2414,2414,6.0
2415,2415,3.0
2416,2416,4.0
2417,2417,3.0
2418,2418,4.0
2419,2419,4.0
2420,2420,3.0
2421,2421,13.0
2422,2422,5.0
2423,2423,13.0
2424,2424,3.0
2425,2425,6.0
2426,2426,10.0
2426,2431,7.0710678118654755
2427,2427,8.0
2428,2428,8.0
2429,2429,7.0
2430,2430,5.0
2431,2426,7.0710678118654755
2431,2431,5.0
