1472,1472,2.0
1473,1473,4.0
1473,1474,4.47213595499958
1474,1473,4.47213595499958
1474,1474,5.0
1475,1475,3.0
1476,1476,3.0
1477,1477,2.0
1478,1478,4.0
1479,1479,5.0
1480,1480,3.0
1481,1481,6.0
1482,1482,2.0
1482,1484,5.291502622129181
1483,1483,7.0
1483,1498,9.539392014169456
1484,1482,5.291502622129181
1484,1484,14.0
1484,1500,8.366600265340756
1485,1485,3.0
1486,1486,4.0
1487,1487,3.0
1488,1488,7.0
1488,1490,5.291502622129181
1489,1489,3.0
1490,1488,5.291502622129181
1490,1490,4.0
1491,1491,5.0
1492,1492,3.0
1493,1493,5.0
1494,1494,2.0
1495,1495,3.0
1496,1496,2.0
1497,1497,6.0
1498,1483,9.539392014169456
1498,1498,13.0
1499,1499,5.0
1500,1484,8.366600265340756
1500,1500,5.0
1501,1501,4.0
1502,1502,5.0
1503,1503,7.0
