2304,2304,3.0
2305,2305,4.0
2306,2306,4.0
2307,2307,4.0
2308,2308,3.0
2309,2309,6.0
2310,2310,5.0
2311,2311,4.0
2312,2312,5.0
2313,2313,2.0
2314,2314,2.0
2315,2315,3.0
2316,2316,6.0
2317,2317,4.0
2318,2318,4.0
2319,2319,4.0
2320,2320,3.0
2321,2321,4.0
2322,2322,5.0
2323,2323,5.0
2324,2324,3.0
2324,2326,3.4641016151377544
2325,2325,4.0
2326,2324,3.4641016151377544
2326,2326,4.0
2327,2327,5.0
2328,2328,2.0
2329,2329,7.0
2330,2330,6.0
2331,2331,3.0
2332,2332,3.0
2332,2334,6.0
2333,2333,5.0
2334,2332,6.0
2334,2334,12.0
2335,2335,3.0
