1088,1088,2.0
1089,1089,2.0
1090,1090,3.0
1091,1091,5.0
1092,1092,3.0
1093,1093,6.0
1094,1094,5.0
1095,1095,6.0
1096,1096,2.0
1097,1097,2.0
1098,1098,5.0
1099,1099,3.0
1100,1100,2.0
1101,1101,4.0
1101,1111,5.656854249492381
1102,1102,7.0
1103,1103,6.0
1104,1104,3.0
1105,1105,5.0
1106,1106,4.0
1107,1107,3.0
1108,1108,5.0
1109,1109,4.0
1110,1110,6.0
1111,1101,5.656854249492381
1111,1111,8.0
1112,1112,9.0
1113,1113,4.0
1114,1114,9.0
1114,1117,9.9498743710662
1115,1115,3.0
1116,1116,6.0
1117,1114,9.9498743710662
1117,1117,11.0
1118,1118,3.0
1119,1119,4.0
