1632,1632,4.0
1633,1633,2.0
1634,1634,3.0
1635,1635,3.0
1636,1636,7.0
1637,1637,4.0
1638,1638,2.0
1639,1639,3.0
1640,1640,7.0
1641,1641,4.0
1642,1642,5.0
1643,1643,7.0
1643,1649,7.937253933193772
1644,1644,22.0
1645,1645,4.0
1646,1646,3.0
1647,1647,6.0
1648,1648,2.0
1649,1643,7.937253933193772
1649,1649,9.0
1650,1650,3.0
1651,1651,5.0
1652,1652,2.0
1652,1659,2.8284271247461903
1653,1653,2.0
1654,1654,4.0
1655,1655,2.0
1656,1656,6.0
1657,1657,5.0
1658,1658,2.0
1659,1652,2.8284271247461903
1659,1659,4.0
1660,1660,3.0
1661,1661,6.0
1662,1662,2.0
1663,1663,4.0
