2208,2208,6.0
2208,2234,3.4641016151377544
2208,2235,3.4641016151377544
2209,2209,2.0
2210,2210,2.0
2211,2211,4.0
2212,2212,2.0
2213,2213,6.0
2214,2214,3.0
2214,2223,3.872983346207417
2215,2215,7.0
2216,2216,4.0
2217,2217,3.0
2218,2218,4.0
2219,2219,5.0
2220,2220,13.0
2220,2226,8.831760866327848
2221,2221,6.0
2222,2222,3.0
2223,2214,3.872983346207417
2223,2223,5.0
2224,2224,2.0
2225,2225,5.0
2226,2220,8.831760866327848
2226,2226,6.0
2227,2227,6.0
2228,2228,6.0
2229,2229,4.0
2230,2230,5.0
2231,2231,3.0
2232,2232,4.0
2233,2233,4.0
2234,2208,3.4641016151377544
2234,2234,2.0
2235,2208,3.4641016151377544
2235,2235,2.0
2236,2236,4.0
2237,2237,3.0
2238,2238,2.0
2239,2239,7.0
