549,453,15.491933384829668
549,456,10.488088481701515
552,451,13.114877048604
552,455,11.357816691600547
552,466,17.349351572897472
552,472,14.66287829861518
552,473,11.357816691600547
564,463,6.0
565,465,30.789608636681304
565,466,23.515952032609693
565,477,32.046840717924134
565,478,37.70941526992961
566,449,12.84523257866513
566,465,19.8997487421324
566,466,15.198684153570664
566,472,12.84523257866513
566,477,20.71231517720798
568,478,7.3484692283495345
569,456,14.45683229480096
573,464,3.872983346207417
