1824,1824,5.0
1825,1825,6.0
1826,1826,3.0
1827,1827,7.0
1828,1828,4.0
1829,1829,2.0
1830,1830,3.0
1831,1831,4.0
1831,1832,4.898979485566356
1831,1836,4.47213595499958
1832,1831,4.898979485566356
1832,1832,6.0
1832,1836,5.477225575051661
1833,1833,2.0
1834,1834,2.0
1835,1835,3.0
1836,1831,4.47213595499958
1836,1832,5.477225575051661
1836,1836,5.0
1837,1837,3.0
1838,1838,6.0
1839,1839,4.0
1840,1840,3.0
1841,1841,3.0
1842,1842,4.0
1843,1843,2.0
1844,1844,3.0
1844,1845,3.872983346207417
1845,1844,3.872983346207417
1845,1845,5.0
1846,1846,4.0
1846,1847,3.4641016151377544
1847,1846,3.4641016151377544
1847,1847,3.0
1848,1848,2.0
1849,1849,2.0
1850,1850,3.0
1851,1851,3.0
1852,1852,3.0
1853,1853,3.0
1854,1854,10.0
1854,1855,8.94427190999916
1855,1854,8.94427190999916
1855,1855,8.0
