416,416,6.0
417,417,3.0
418,418,7.0
419,419,7.0
420,420,8.0
420,439,6.324555320336759
421,421,2.0
422,422,5.0
423,423,7.0
424,424,2.0
425,425,3.0
426,426,16.0
427,427,66.0
428,428,6.0
428,432,6.48074069840786
428,433,5.477225575051661
429,429,4.0
430,430,37.0
431,431,4.0
432,428,6.48074069840786
432,432,7.0
432,433,5.916079783099616
433,428,5.477225575051661
433,432,5.916079783099616
433,433,5.0
434,434,4.0
435,435,6.0
436,436,2.0
437,437,2.0
438,438,13.0
439,420,6.324555320336759
439,439,5.0
440,440,4.0
441,441,3.0
442,442,4.0
443,443,2.0
444,444,3.0
445,445,3.0
446,446,3.0
447,447,4.0
