2368,2368,4.0
2369,2369,4.0
2370,2370,2.0
2371,2371,4.0
2372,2372,4.0
2372,2398,4.898979485566356
2373,2373,7.0
2373,2374,6.48074069840786
2374,2373,6.48074069840786
2374,2374,6.0
2375,2375,4.0
2376,2376,5.0
2377,2377,4.0
2378,2378,5.0
2379,2379,3.0
2380,2380,8.0
2381,2381,4.0
2382,2382,2.0
2383,2383,3.0
2384,2384,2.0
2385,2385,4.0
2386,2386,2.0
2386,2387,2.0
2387,2386,2.0
2387,2387,2.0
2388,2388,3.0
2389,2389,3.0
2390,2390,5.0
2391,2391,4.0
2392,2392,2.0
2393,2393,7.0
2394,2394,2.0
2395,2395,2.0
2396,2396,6.0
2397,2397,3.0
2398,2372,4.898979485566356
2398,2398,6.0
2398,2399,4.898979485566356
2399,2398,4.898979485566356
2399,2399,4.0
