1152,1152,2.0
1153,1153,18.0
1154,1154,3.0
1155,1155,8.0
1156,1156,2.0
1157,1157,6.0
1158,1158,3.0
1159,1159,4.0
1160,1160,2.0
1160,1166,2.0
1161,1161,7.0
1162,1162,2.0
1163,1163,4.0
1164,1164,4.0
1165,1165,3.0
1166,1160,2.0
1166,1166,2.0
1167,1167,4.0
1168,1168,2.0
1169,1169,4.0
1170,1170,3.0
1171,1171,2.0
1172,1172,6.0
1173,1173,4.0
1174,1174,10.0
1175,1175,3.0
1176,1176,7.0
1177,1177,5.0
1177,1180,3.872983346207417
1178,1178,16.0
1179,1179,2.0
1180,1177,3.872983346207417
1180,1180,3.0
1181,1181,4.0
1182,1182,7.0
1183,1183,5.0
