449,566,12.84523257866513
451,552,13.114877048604
453,549,15.491933384829668
455,552,11.357816691600547
456,549,10.488088481701515
456,569,14.45683229480096
463,564,6.0
464,573,3.872983346207417
465,565,30.789608636681304
465,566,19.8997487421324
466,552,17.349351572897472
466,565,23.515952032609693
466,566,15.198684153570664
472,552,14.66287829861518
472,566,12.84523257866513
473,552,11.357816691600547
477,565,32.046840717924134
477,566,20.71231517720798
478,565,37.70941526992961
478,568,7.3484692283495345
