2048,2048,2.0
2049,2049,4.0
2050,2050,3.0
2051,2051,2.0
2052,2052,3.0
2052,2062,3.872983346207417
2053,2053,6.0
2053,2054,6.0
2054,2053,6.0
2054,2054,6.0
2055,2055,2.0
2056,2056,3.0
2057,2057,6.0
2058,2058,4.0
2059,2059,3.0
2060,2060,4.0
2060,2062,4.47213595499958
2061,2061,4.0
2061,2062,4.47213595499958
2062,2052,3.872983346207417
2062,2060,4.47213595499958
2062,2061,4.47213595499958
2062,2062,5.0
2062,2066,5.0
2063,2063,2.0
2064,2064,3.0
2065,2065,3.0
2066,2062,5.0
2066,2066,5.0
2067,2067,2.0
2068,2068,3.0
2069,2069,3.0
2070,2070,3.0
2071,2071,2.0
2072,2072,4.0
2073,2073,2.0
2074,2074,5.0
2075,2075,2.0
2076,2076,6.0
2077,2077,5.0
2078,2078,6.0
2079,2079,3.0
