320,320,2.0
321,321,6.0
322,322,7.0
323,323,6.0
324,324,8.0
324,326,5.656854249492381
324,327,6.928203230275509
324,332,6.928203230275509
325,325,3.0
326,324,5.656854249492381
326,326,4.0
326,327,4.898979485566356
327,324,6.928203230275509
327,326,4.898979485566356
327,327,6.0
328,328,3.0
329,329,2.0
330,330,6.0
331,331,4.0
332,324,6.928203230275509
332,332,6.0
333,333,5.0
334,334,3.0
335,335,5.0
335,344,12.649110640673518
336,336,2.0
337,337,5.0
337,346,5.477225575051661
338,338,2.0
339,339,6.0
339,342,8.831760866327848
340,340,4.0
340,341,4.0
341,340,4.0
341,341,4.0
342,339,8.831760866327848
342,342,13.0
343,343,8.0
344,335,12.649110640673518
344,344,32.0
344,348,12.649110640673518
345,345,10.0
346,337,5.477225575051661
346,346,6.0
347,347,6.0
348,344,12.649110640673518
348,348,5.0
349,349,2.0
350,350,9.0
350,351,5.196152422706632
351,350,5.196152422706632
351,351,3.0
