96,96,5.0
97,97,2.0
98,98,4.0
99,99,11.0
100,100,4.0
101,101,5.0
102,102,9.0
103,103,6.0
104,104,3.0
105,105,4.0
106,106,2.0
107,107,7.0
107,108,7.0
108,107,7.0
108,108,7.0
109,109,20.0
110,110,4.0
111,111,2.0
112,112,5.0
113,113,2.0
114,114,2.0
115,115,7.0
116,116,4.0
117,117,5.0
118,118,4.0
119,119,4.0
120,120,5.0
121,121,5.0
122,122,5.0
122,124,5.477225575051661
122,127,6.324555320336759
123,123,2.0
124,122,5.477225575051661
124,124,6.0
124,127,6.928203230275509
125,125,4.0
126,126,3.0
127,122,6.324555320336759
127,124,6.928203230275509
127,127,8.0
