1056,1056,4.0
1057,1057,6.0
1058,1058,3.0
1059,1059,2.0
1060,1060,8.0
1061,1061,8.0
1062,1062,5.0
1063,1063,5.0
1063,1065,5.916079783099616
1064,1064,5.0
1065,1063,5.916079783099616
1065,1065,7.0
1066,1066,3.0
1067,1067,7.0
1068,1068,6.0
1069,1069,7.0
1070,1070,5.0
1071,1071,4.0
1072,1072,4.0
1073,1073,6.0
1074,1074,3.0
1075,1075,3.0
1076,1076,4.0
1076,1078,4.0
1076,1086,5.656854249492381
1077,1077,2.0
1078,1076,4.0
1078,1078,4.0
1078,1086,5.656854249492381
1079,1079,10.0
1080,1080,6.0
1081,1081,4.0
1081,1082,4.47213595499958
1082,1081,4.47213595499958
1082,1082,5.0
1083,1083,2.0
1084,1084,4.0
1085,1085,2.0
1086,1076,5.656854249492381
1086,1078,5.656854249492381
1086,1086,8.0
1087,1087,2.0
