896,896,4.0
897,897,3.0
898,898,4.0
899,899,5.0
900,900,6.0
901,901,4.0
902,902,7.0
902,910,12.68857754044952
903,903,3.0
904,904,8.0
905,905,6.0
906,906,4.0
907,907,2.0
908,908,5.0
908,919,4.47213595499958
909,909,5.0
909,913,3.872983346207417
910,902,12.68857754044952
910,910,23.0
911,911,4.0
912,912,5.0
913,909,3.872983346207417
913,913,3.0
914,914,3.0
915,915,3.0
916,916,7.0
917,917,4.0
918,918,2.0
919,908,4.47213595499958
919,919,4.0
920,920,3.0
921,921,3.0
922,922,5.0
922,923,5.0
923,922,5.0
923,923,5.0
924,924,6.0
925,925,2.0
926,926,3.0
927,927,3.0
