1280,1280,2.0
1281,1281,8.0
1281,1282,8.0
1282,1281,8.0
1282,1282,8.0
1283,1283,9.0
1283,1284,7.937253933193772
1284,1283,7.937253933193772
1284,1284,7.0
1285,1285,7.0
1285,1298,5.916079783099616
1286,1286,3.0
1287,1287,10.0
1288,1288,11.0
1289,1289,3.0
1290,1290,18.0
1291,1291,2.0
1292,1292,5.0
1293,1293,6.0
1294,1294,2.0
1295,1295,2.0
1296,1296,4.0
1297,1297,2.0
1298,1285,5.916079783099616
1298,1298,5.0
1299,1299,5.0
1300,1300,3.0
1301,1301,5.0
1302,1302,2.0
1303,1303,6.0
1304,1304,2.0
1305,1305,10.0
1306,1306,5.0
1306,1310,3.872983346207417
1307,1307,3.0
1308,1308,5.0
1309,1309,4.0
1310,1306,3.872983346207417
1310,1310,3.0
1311,1311,5.0
