192,192,9.0
192,193,9.0
193,192,9.0
193,193,9.0
194,194,2.0
195,195,4.0
195,196,4.0
196,195,4.0
196,196,4.0
196,216,3.4641016151377544
197,197,5.0
198,198,3.0
199,199,3.0
200,200,4.0
201,201,6.0
202,202,6.0
202,204,7.745966692414834
203,203,4.0
204,202,7.745966692414834
204,204,10.0
205,205,5.0
206,206,7.0
207,207,5.0
208,208,7.0
209,209,4.0
210,210,8.0
211,211,5.0
212,212,4.0
213,213,4.0
214,214,5.0
215,215,6.0
216,196,3.4641016151377544
216,216,3.0
217,217,4.0
218,218,4.0
219,219,13.0
220,220,5.0
221,221,2.0
222,222,3.0
223,223,3.0
