512,512,3.0
513,513,4.0
514,514,4.0
515,515,3.0
516,516,2.0
517,517,5.0
518,518,6.0
519,519,14.0
520,520,6.0
520,524,5.477225575051661
521,521,8.0
522,522,3.0
522,525,4.242640687119285
523,523,31.0
523,540,13.638181696985855
524,520,5.477225575051661
524,524,5.0
525,522,4.242640687119285
525,525,6.0
526,526,3.0
527,527,6.0
528,528,2.0
529,529,4.0
530,530,3.0
531,531,4.0
532,532,2.0
533,533,3.0
534,534,2.0
535,535,5.0
536,536,5.0
537,537,4.0
538,538,12.0
539,539,9.0
539,541,6.708203932499369
540,523,13.638181696985855
540,540,6.0
540,543,3.4641016151377544
541,539,6.708203932499369
541,541,5.0
542,542,4.0
543,540,3.4641016151377544
543,543,2.0
