1696,1696,12.0
1697,1697,10.0
1697,1703,6.324555320336759
1698,1698,6.0
1699,1699,4.0
1700,1700,4.0
1701,1701,5.0
1702,1702,3.0
1703,1697,6.324555320336759
1703,1703,4.0
1704,1704,4.0
1705,1705,5.0
1706,1706,4.0
1707,1707,4.0
1708,1708,2.0
1709,1709,5.0
1710,1710,4.0
1711,1711,3.0
1712,1712,5.0
1713,1713,17.0
1713,1716,11.661903789690601
1714,1714,2.0
1715,1715,5.0
1716,1713,11.661903789690601
1716,1716,8.0
1717,1717,5.0
1718,1718,12.0
1719,1719,7.0
1720,1720,2.0
1721,1721,2.0
1722,1722,4.0
1722,1723,3.4641016151377544
1723,1722,3.4641016151377544
1723,1723,3.0
1724,1724,5.0
1725,1725,3.0
1726,1726,6.0
1727,1727,4.0
