1600,1600,4.0
1601,1601,7.0
1602,1602,5.0
1603,1603,4.0
1604,1604,4.0
1605,1605,2.0
1606,1606,6.0
1607,1607,5.0
1608,1608,7.0
1609,1609,2.0
1610,1610,3.0
1611,1611,6.0
1612,1612,2.0
1613,1613,6.0
1613,1614,4.242640687119285
1613,1619,6.0
1614,1613,4.242640687119285
1614,1614,3.0
1614,1619,4.242640687119285
1615,1615,4.0
1616,1616,4.0
1617,1617,4.0
1618,1618,4.0
1619,1613,6.0
1619,1614,4.242640687119285
1619,1619,6.0
1620,1620,3.0
1621,1621,7.0
1622,1622,6.0
1623,1623,2.0
1624,1624,2.0
1625,1625,2.0
1626,1626,6.0
1627,1627,4.0
1628,1628,3.0
1629,1629,2.0
1630,1630,4.0
1631,1631,6.0
