256,256,8.0
257,257,4.0
258,258,12.0
258,268,9.797958971132712
259,259,4.0
260,260,9.0
261,261,3.0
262,262,5.0
262,266,3.872983346207417
263,263,4.0
264,264,3.0
265,265,3.0
266,262,3.872983346207417
266,266,3.0
267,267,5.0
268,258,9.797958971132712
268,268,8.0
269,269,2.0
270,270,7.0
270,276,7.0
271,271,3.0
272,272,4.0
273,273,3.0
274,274,4.0
275,275,2.0
276,270,7.0
276,276,7.0
277,277,6.0
278,278,4.0
279,279,2.0
280,280,6.0
281,281,3.0
282,282,3.0
283,283,5.0
284,284,4.0
285,285,5.0
286,286,5.0
287,287,4.0
