960,960,4.0
961,961,4.0
962,962,3.0
963,963,3.0
964,964,9.0
964,965,10.816653826391969
964,966,9.486832980505138
965,964,10.816653826391969
965,965,13.0
965,966,11.40175425099138
965,981,8.06225774829855
966,964,9.486832980505138
966,965,11.40175425099138
966,966,10.0
967,967,14.0
968,968,2.0
969,969,2.0
970,970,6.0
970,974,4.242640687119285
971,971,5.0
972,972,2.0
973,973,3.0
974,970,4.242640687119285
974,974,3.0
975,975,6.0
976,976,5.0
977,977,2.0
978,978,5.0
979,979,7.0
980,980,2.0
981,965,8.06225774829855
981,981,5.0
982,982,4.0
983,983,9.0
984,984,2.0
985,985,5.0
986,986,9.0
987,987,4.0
988,988,2.0
989,989,3.0
990,990,4.0
991,991,5.0
