2688,2688,5.0
2689,2689,3.0
2690,2690,3.0
2691,2691,2.0
2692,2692,4.0
2693,2693,2.0
2694,2694,5.0
2695,2695,4.0
2695,2696,4.47213595499958
2696,2695,4.47213595499958
2696,2696,5.0
2697,2697,5.0
2697,2698,4.47213595499958
2697,2700,3.872983346207417
2698,2697,4.47213595499958
2698,2698,4.0
2698,2700,3.4641016151377544
2699,2699,2.0
2700,2697,3.872983346207417
2700,2698,3.4641016151377544
2700,2700,3.0
2701,2701,3.0
2702,2702,3.0
2703,2703,4.0
2704,2704,3.0
2705,2705,5.0
2706,2706,5.0
2707,2707,4.0
