608,608,8.0
608,611,18.973665961010276
609,609,3.0
610,610,3.0
611,608,18.973665961010276
611,611,45.0
611,633,17.74823934929885
612,612,6.0
612,629,5.477225575051661
613,613,8.0
613,616,6.324555320336759
614,614,2.0
614,615,3.4641016151377544
615,614,3.4641016151377544
615,615,6.0
616,613,6.324555320336759
616,616,5.0
617,617,2.0
618,618,3.0
618,638,10.246950765959598
619,619,2.0
620,620,2.0
621,621,6.0
622,622,4.0
623,623,7.0
623,637,4.58257569495584
624,624,7.0
625,625,3.0
626,626,3.0
627,627,6.0
628,628,2.0
629,612,5.477225575051661
629,629,5.0
630,630,3.0
631,631,4.0
632,632,8.0
632,635,13.2664991614216
633,611,17.74823934929885
633,633,7.0
634,634,8.0
634,635,13.2664991614216
635,632,13.2664991614216
635,634,13.2664991614216
635,635,22.0
636,636,13.0
637,623,4.58257569495584
637,637,3.0
638,618,10.246950765959598
638,638,35.0
639,639,4.0
