1664,1664,5.0
1665,1665,3.0
1666,1666,3.0
1667,1667,3.0
1668,1668,6.0
1669,1669,2.0
1670,1670,3.0
1671,1671,3.0
1672,1672,8.0
1673,1673,6.0
1674,1674,4.0
1674,1680,4.0
1675,1675,3.0
1676,1676,6.0
1677,1677,2.0
1678,1678,5.0
1679,1679,4.0
1680,1674,4.0
1680,1680,4.0
1681,1681,2.0
1681,1682,2.0
1682,1681,2.0
1682,1682,2.0
1683,1683,5.0
1684,1684,7.0
1685,1685,5.0
1686,1686,4.0
1687,1687,14.0
1688,1688,3.0
1689,1689,6.0
1690,1690,4.0
1691,1691,4.0
1692,1692,4.0
1693,1693,2.0
1694,1694,3.0
1695,1695,2.0
