1760,1760,3.0
1761,1761,2.0
1762,1762,4.0
1763,1763,6.0
1764,1764,3.0
1764,1770,3.4641016151377544
1765,1765,3.0
1765,1770,3.4641016151377544
1766,1766,4.0
1767,1767,3.0
1768,1768,2.0
1769,1769,3.0
1770,1764,3.4641016151377544
1770,1765,3.4641016151377544
1770,1770,4.0
1771,1771,4.0
1771,1775,5.656854249492381
1772,1772,3.0
1773,1773,2.0
1774,1774,5.0
1775,1771,5.656854249492381
1775,1775,8.0
1776,1776,4.0
1777,1777,3.0
1778,1778,3.0
1779,1779,2.0
1780,1780,2.0
1781,1781,3.0
1782,1782,6.0
1783,1783,3.0
1784,1784,9.0
1785,1785,2.0
1786,1786,2.0
1787,1787,4.0
1788,1788,4.0
1789,1789,2.0
1790,1790,6.0
1791,1791,4.0
