2112,2112,3.0
2113,2113,3.0
2114,2114,4.0
2114,2124,4.0
2115,2115,3.0
2116,2116,4.0
2116,2125,2.8284271247461903
2117,2117,2.0
2118,2118,3.0
2119,2119,2.0
2120,2120,2.0
2121,2121,2.0
2122,2122,6.0
2123,2123,3.0
2124,2114,4.0
2124,2124,4.0
2125,2116,2.8284271247461903
2125,2125,2.0
2126,2126,6.0
2127,2127,3.0
2128,2128,3.0
2129,2129,2.0
2130,2130,2.0
2131,2131,4.0
2132,2132,3.0
2133,2133,4.0
2134,2134,2.0
2135,2135,6.0
2136,2136,2.0
2137,2137,4.0
2138,2138,3.0
2139,2139,4.0
2140,2140,6.0
2141,2141,3.0
2142,2142,2.0
2143,2143,2.0
