1536,1536,6.0
1537,1537,6.0
1537,1556,4.242640687119285
1538,1538,2.0
1539,1539,7.0
1540,1540,8.0
1541,1541,2.0
1542,1542,2.0
1543,1543,3.0
1544,1544,4.0
1545,1545,4.0
1546,1546,4.0
1547,1547,5.0
1548,1548,4.0
1549,1549,3.0
1550,1550,12.0
1550,1555,6.928203230275509
1551,1551,3.0
1552,1552,4.0
1552,1553,4.47213595499958
1552,1554,4.898979485566356
1553,1552,4.47213595499958
1553,1553,5.0
1553,1554,5.477225575051661
1554,1552,4.898979485566356
1554,1553,5.477225575051661
1554,1554,6.0
1555,1550,6.928203230275509
1555,1555,4.0
1556,1537,4.242640687119285
1556,1556,3.0
1557,1557,5.0
1558,1558,4.0
1559,1559,10.0
1560,1560,6.0
1561,1561,2.0
1562,1562,5.0
1563,1563,4.0
1564,1564,6.0
1565,1565,3.0
1566,1566,4.0
1566,1567,4.0
1567,1566,4.0
1567,1567,4.0
