576,576,31.0
576,605,11.135528725660043
577,577,10.0
578,578,6.0
579,579,4.0
580,580,7.0
580,581,5.916079783099616
581,580,5.916079783099616
581,581,5.0
582,582,5.0
583,583,11.0
584,584,4.0
585,585,9.0
586,586,2.0
587,587,5.0
588,588,6.0
589,589,4.0
589,592,4.47213595499958
590,590,4.0
591,591,18.0
592,589,4.47213595499958
592,592,5.0
593,593,3.0
593,594,3.872983346207417
594,593,3.872983346207417
594,594,5.0
595,595,3.0
596,596,2.0
597,597,6.0
598,598,6.0
599,599,2.0
600,600,5.0
601,601,6.0
602,602,4.0
603,603,5.0
604,604,3.0
605,576,11.135528725660043
605,605,4.0
606,606,3.0
607,607,5.0
