768,768,2.0
768,772,4.898979485566356
769,769,3.0
770,770,4.0
771,771,6.0
772,768,4.898979485566356
772,772,12.0
773,773,5.0
774,774,4.0
775,775,4.0
776,776,6.0
777,777,2.0
778,778,4.0
779,779,6.0
780,780,3.0
781,781,5.0
782,782,2.0
783,783,5.0
784,784,5.0
785,785,6.0
786,786,5.0
786,791,5.477225575051661
787,787,5.0
788,788,7.0
789,789,4.0
790,790,4.0
791,786,5.477225575051661
791,791,6.0
792,792,3.0
792,798,4.242640687119285
793,793,24.0
794,794,2.0
794,795,2.449489742783178
795,794,2.449489742783178
795,795,3.0
796,796,2.0
797,797,2.0
798,792,4.242640687119285
798,798,6.0
799,799,5.0
