1120,1120,3.0
1121,1121,8.0
1121,1138,7.483314773547883
1122,1122,7.0
1123,1123,10.0
1124,1124,4.0
1125,1125,7.0
1126,1126,9.0
1127,1127,6.0
1128,1128,4.0
1129,1129,8.0
1130,1130,4.0
1131,1131,4.0
1132,1132,2.0
1133,1133,3.0
1134,1134,3.0
1135,1135,4.0
1136,1136,18.0
1136,1142,7.3484692283495345
1137,1137,4.0
1138,1121,7.483314773547883
1138,1138,7.0
1139,1139,7.0
1140,1140,9.0
1141,1141,4.0
1142,1136,7.3484692283495345
1142,1142,3.0
1143,1143,4.0
1144,1144,3.0
1145,1145,2.0
1146,1146,3.0
1147,1147,6.0
1148,1148,7.0
1149,1149,6.0
1149,1150,5.477225575051661
1150,1149,5.477225575051661
1150,1150,5.0
1151,1151,2.0
