480,480,5.0
481,481,2.0
482,482,5.0
483,483,10.0
484,484,4.0
485,485,6.0
486,486,9.0
487,487,3.0
488,488,5.0
489,489,7.0
490,490,8.0
490,492,8.94427190999916
491,491,5.0
492,490,8.94427190999916
492,492,10.0
493,493,2.0
494,494,3.0
495,495,5.0
496,496,5.0
496,501,5.0
497,497,3.0
498,498,4.0
499,499,4.0
500,500,5.0
501,496,5.0
501,501,5.0
501,503,6.324555320336759
502,502,6.0
503,501,6.324555320336759
503,503,8.0
504,504,2.0
505,505,3.0
506,506,2.0
507,507,8.0
508,508,5.0
509,509,3.0
510,510,5.0
511,511,3.0
