2464,2464,2.0
2465,2465,4.0
2466,2466,4.0
2467,2467,4.0
2467,2468,2.8284271247461903
2468,2467,2.8284271247461903
2468,2468,2.0
2469,2469,2.0
2470,2470,6.0
2471,2471,2.0
2472,2472,3.0
2472,2476,3.0
2473,2473,5.0
2474,2474,4.0
2475,2475,6.0
2476,2472,3.0
2476,2476,3.0
2477,2477,2.0
2478,2478,3.0
2479,2479,3.0
2480,2480,6.0
2480,2485,7.3484692283495345
2481,2481,2.0
2482,2482,5.0
2483,2483,4.0
2484,2484,5.0
2485,2480,7.3484692283495345
2485,2485,9.0
2486,2486,3.0
2487,2487,5.0
2488,2488,2.0
2489,2489,5.0
2490,2490,2.0
2491,2491,2.0
2492,2492,5.0
2493,2493,3.0
2494,2494,2.0
2495,2495,5.0
