736,736,4.0
737,737,3.0
737,747,15.0
738,738,15.0
739,739,2.0
740,740,11.0
741,741,5.0
741,747,19.364916731037084
742,742,4.0
743,743,8.0
743,744,7.483314773547883
744,743,7.483314773547883
744,744,7.0
745,745,34.0
746,746,3.0
747,737,15.0
747,741,19.364916731037084
747,747,75.0
747,763,19.364916731037084
748,748,6.0
749,749,6.0
750,750,2.0
751,751,6.0
752,752,3.0
753,753,4.0
754,754,2.0
755,755,5.0
755,757,6.324555320336759
756,756,3.0
757,755,6.324555320336759
757,757,8.0
758,758,4.0
759,759,7.0
760,760,4.0
761,761,4.0
762,762,2.0
763,747,19.364916731037084
763,763,5.0
764,764,9.0
765,765,2.0
766,766,7.0
767,767,3.0
