2336,2336,3.0
2337,2337,4.0
2338,2338,7.0
2339,2339,4.0
2340,2340,3.0
2341,2341,8.0
2342,2342,8.0
2343,2343,6.0
2344,2344,2.0
2345,2345,4.0
2346,2346,5.0
2347,2347,4.0
2348,2348,3.0
2349,2349,2.0
2350,2350,3.0
2351,2351,2.0
2352,2352,3.0
2353,2353,3.0
2354,2354,7.0
2354,2360,8.774964387392123
2355,2355,4.0
2356,2356,4.0
2357,2357,3.0
2358,2358,2.0
2359,2359,3.0
2360,2354,8.774964387392123
2360,2360,11.0
2361,2361,5.0
2362,2362,3.0
2363,2363,6.0
2364,2364,4.0
2365,2365,4.0
2366,2366,6.0
2367,2367,3.0
