2080,2080,4.0
2081,2081,4.0
2082,2082,6.0
2083,2083,4.0
2084,2084,2.0
2085,2085,4.0
2086,2086,3.0
2087,2087,5.0
2088,2088,7.0
2089,2089,8.0
2090,2090,3.0
2091,2091,7.0
2092,2092,3.0
2093,2093,3.0
2094,2094,2.0
2095,2095,4.0
2096,2096,2.0
2097,2097,3.0
2098,2098,4.0
2098,2099,4.47213595499958
2099,2098,4.47213595499958
2099,2099,5.0
2100,2100,3.0
2101,2101,2.0
2102,2102,4.0
2103,2103,3.0
2104,2104,3.0
2105,2105,2.0
2106,2106,4.0
2107,2107,8.0
2108,2108,4.0
2109,2109,2.0
2110,2110,3.0
2111,2111,3.0
