2272,2272,3.0
2273,2273,2.0
2274,2274,3.0
2275,2275,6.0
2276,2276,4.0
2277,2277,6.0
2278,2278,2.0
2278,2284,3.1622776601683795
2279,2279,3.0
2280,2280,4.0
2280,2286,4.0
2281,2281,3.0
2282,2282,4.0
2283,2283,2.0
2283,2284,3.1622776601683795
2284,2278,3.1622776601683795
2284,2283,3.1622776601683795
2284,2284,5.0
2285,2285,3.0
2286,2280,4.0
2286,2286,4.0
2287,2287,3.0
2288,2288,3.0
2289,2289,3.0
2290,2290,7.0
2290,2291,6.48074069840786
2291,2290,6.48074069840786
2291,2291,6.0
2292,2292,4.0
2293,2293,2.0
2294,2294,6.0
2295,2295,5.0
2296,2296,5.0
2297,2297,2.0
2298,2298,3.0
2299,2299,4.0
2300,2300,4.0
2301,2301,4.0
2302,2302,6.0
2303,2303,4.0
