1920,1920,2.0
1921,1921,5.0
1921,1931,5.916079783099616
1922,1922,4.0
1923,1923,5.0
1923,1928,5.916079783099616
1924,1924,4.0
1925,1925,4.0
1926,1926,3.0
1926,1941,3.0
1927,1927,4.0
1928,1923,5.916079783099616
1928,1928,7.0
1929,1929,2.0
1930,1930,2.0
1931,1921,5.916079783099616
1931,1931,7.0
1932,1932,6.0
1933,1933,4.0
1934,1934,6.0
1935,1935,4.0
1936,1936,2.0
1936,1943,2.8284271247461903
1937,1937,6.0
1938,1938,4.0
1939,1939,2.0
1940,1940,5.0
1941,1926,3.0
1941,1941,3.0
1942,1942,2.0
1943,1936,2.8284271247461903
1943,1943,4.0
1944,1944,3.0
1945,1945,4.0
1946,1946,3.0
1947,1947,2.0
1948,1948,2.0
1949,1949,2.0
1950,1950,3.0
1951,1951,2.0
