-0.23263547,-0.44685155,0.38905033,0.1108056,-0.12574394,-0.5001278,0.39145812
-0.35783836,-0.47282833,0.1570837,0.30089882,0.37433213,-0.45733613,-0.54560196
-0.16120087,0.17582794,-0.47688916,0.48345795,0.52239215,-0.5331878,-0.45761037
0.12147591,-0.13269126,-0.3138795,-0.4439964,0.16787267,-0.38315654,-0.53195
-0.36530477,-0.13470517,-0.29196733,0.4116879,0.29838222,-0.25361547,0.52003866
-0.031037267,0.07458496,-0.1637825,0.08328214,-0.17624278,-0.48642462,0.45903373
-0.5125328,0.17831717,-0.35197404,0.47565567,0.4375703,-0.09688083,-0.30632925
-0.3210771,-0.44235387,0.14275569,-0.21525718,-0.0122354375,-0.49747553,0.2756339
-0.4385669,0.00032196986,0.30265316,-0.2867429,0.4728805,0.13987605,-0.46380618
0.44631907,-0.0023965104,-0.29751337,0.26578122,-0.30893576,0.25960657,0.24093793
0.22580218,0.49710616,0.17307727,-0.43314117,-0.44617212,0.23541662,-0.019650437
-0.21569955,0.5260514,0.03811849,-0.3719454,0.09736246,-0.1438349,0.34403333
0.28220078,0.12112705,0.4749551,-0.3467706,-0.49774593,-0.32709336,0.385531
-0.0824147,0.60111046,0.49158952,-0.20294638,0.3621135,-0.21238087,-0.057368297
-0.1521394,0.41859034,-0.35976544,0.51572645,0.35097906,0.101909876,-0.35313693
-0.2891674,0.38544124,-0.20957482,0.48120064,0.39152303,0.033536196,0.3073818
